 1.24582747764492E-0002
 1.48656992770384E-0002
 1.93149536630983E-0002
 1.49548590621862E-0002
 1.59888697566259E-0002
 9.16409273000340E-0003
 4.07017337346360E-0003
 5.11190838316367E-0003
 1.61535118319307E-0002
 1.90582217871622E-0002
 1.39065912009073E-0002
 9.97546005454808E-0003
 1.40069476182418E-0002
 1.23057968319529E-0002
 1.09165855047024E-0002
 3.35278463539623E-0003
 1.12922072732999E-0002
 1.79298257631331E-0002
 6.15589589185817E-0003
 6.21530451853403E-0003
 2.06636449303517E-0002
 1.86895724908140E-0002
 8.65047239206262E-0003
 2.20606929172718E-0003
 7.95406615932848E-0003
 1.28649842930884E-0002
 9.51237456817466E-0003
 1.82758798436851E-0002
 1.29731657222720E-0002
 1.38456802081208E-0002
 1.86329249607553E-0003
 9.40791817821207E-0003
 6.14487619942850E-0003
 1.08807104483759E-0002
 6.43367287447205E-0003
 1.08485692811087E-0002
 1.74788272718445E-0002
 1.17251422683182E-0002
 9.87959302078423E-0003
 6.98080115815713E-0003
 9.64338513065854E-0003
 1.06022058519244E-0002
 8.55428332464214E-0003
 1.54207378840141E-0002
 1.51781235431372E-0002
 1.80731353239878E-0002
 8.17773556461532E-0003
 5.66341174410923E-0003
 1.11904206237199E-0002
 1.97613163030894E-0002
 1.36438844714348E-0002
 2.34562836083398E-0002
 2.16422839813504E-0002
 8.09772529781583E-0003
 8.20219580684522E-0003
 2.36537710376439E-0003
 2.11854727959704E-0003
 7.93328813246319E-0003
 2.13989040950224E-0003
 1.09240296453805E-0002
 8.33718548790330E-0003
 5.14512600147299E-0003
 9.72758161343279E-0003
 7.73939382536071E-0003
 3.99441236253040E-0003
 1.38572288251879E-0002
 1.52361002018608E-0002
 1.83867041176029E-0002
 2.16014757463654E-0002
 9.15379403018335E-0003
 4.11162559424127E-0003
 9.65492507401677E-0003
 1.15943229677242E-0002
 2.23824749732842E-0002
 7.63290781618053E-0003
 4.61320178286684E-0003
 1.02279289286145E-0002
 1.95512520218415E-0002
 7.86160527599122E-0003
 5.38627782920287E-0003
 1.11690125338129E-0002
 1.32678780840649E-0002
 9.86635559902993E-0003
 3.73358035669469E-0003
 2.18813324447638E-0002
 1.23613396150688E-0002
 9.01380844310040E-0003
 4.19011347393194E-0003
 4.20609373097136E-0003
 1.58588851748220E-0002
 1.30501627410808E-0002
 1.36477944769808E-0002
 1.85846459104653E-0002
 7.87620078602913E-0003
 1.14155978527464E-0002
 8.81657543267522E-0004
 7.95981462832174E-0003
 8.43257956633181E-0003
 1.25361463462497E-0002
 8.47327855645119E-0003
 1.87594411746659E-0002
 1.00075706979652E-0002
 2.93463566968555E-0003
 5.41434927288975E-0003
 9.02575928218141E-0003
 9.49613079097844E-0003
 7.34385884131683E-0003
 1.48216887861850E-0002
 2.12542368762172E-0002
 1.60763120055094E-0002
 7.37551399439695E-0003
 8.17366901868510E-0004
 1.08023787513361E-0002
 1.83178198340954E-0002
 2.04055139336106E-0002
 1.77215812447855E-0002
 1.41916284169668E-0002
 8.77250624719750E-0003
 3.14530558596715E-0003
 4.23376275268339E-0003
 1.06383091665521E-0002
 9.50066121086479E-0003
 8.99761487740136E-0003
 1.03992452750816E-0002
 8.44391610661432E-0003
 5.09698859551655E-0004
 1.37349820350430E-0003
 6.18349069603852E-0003
 9.92617505282567E-0003
 1.22360507790802E-0002
 2.09478265668395E-0002
 1.73947866316269E-0002
 1.80803757428407E-0002
 1.31647336039720E-0002
 3.17742740421423E-0003
 5.71872296041676E-0003
 1.61684917042351E-0002
 2.28998039681301E-0002
 6.06791712282018E-0003
 9.12132339942673E-0003
 1.68091942400963E-0002
 1.59035588173708E-0002
 1.04316192132359E-0002
 4.05341974888529E-0003
 1.58249587413195E-0002
 1.19591821082849E-0002
 7.39840640409284E-0003
 6.94420669125151E-0003
 2.06138366390860E-0002
 1.79072342488382E-0002
 5.43279920605499E-0003
 5.04437103616340E-0003
 8.75732219907377E-0003
 1.03253481748027E-0002
 1.58084071537985E-0002
 1.80585824437571E-0002
 1.48151191154682E-0002
 4.61286357793256E-0003
 2.17660294532607E-0003
 1.78055293606816E-0004
 9.82132205571418E-0003
 1.72167894240829E-0002
 1.11709653208578E-0002
 6.89969663088164E-0003
 1.45532025696298E-0002
 9.89047927747322E-0003
 1.29477903368382E-0002
 7.23118381051435E-0004
 1.24581731686533E-0002
 1.83371576778200E-0002
 1.14115740930458E-0002
 8.27356875096541E-0003
 1.91390367813824E-0002
 1.02546835179709E-0002
 1.10776089955920E-0002
 7.81978903275160E-0003
 1.24999297689641E-0002
 1.63280669692085E-0002
 1.49769594047200E-0002
 1.44230074951253E-0002
 2.10221205800849E-0002
 1.02671755548016E-0002
 8.80657353349079E-0003
 8.05324699018684E-0003
 2.82177414870688E-0003
 9.58364387827260E-0003
 6.23031619810632E-0003
 5.03773570814303E-0003
 4.74817768325408E-0003
 4.70393891917276E-0004
 4.72317627641661E-0005
 3.02748547427356E-0003
 1.03691516904547E-0002
 1.07264914696970E-0002
 1.85236040312873E-0002
 1.94646850738422E-0002
 1.75433936754530E-0002
 1.31789505218052E-0002
 2.10097112452345E-0003
 8.22246705151031E-0003
 1.95416891933746E-0002
 2.13136145654573E-0002
 1.47981252223701E-0002
 9.52517193167068E-0003
 1.12672140961649E-0002
 1.11766783323191E-0002
 2.72719083077888E-0003
 1.73382483569284E-0003
 8.71693464175394E-0003
 1.44134586988542E-0002
 9.11719142257539E-0003
 2.89212203723110E-0003
 1.72872579810530E-0002
 1.46926756270176E-0002
 1.07639328490308E-0002
 6.01050720727869E-0003
 5.82123259042788E-0003
 6.84589051388684E-0003
 1.60007657731001E-0002
 1.85742314747870E-0002
 1.89334218762554E-0002
 1.48614953941717E-0002
 8.74335782660296E-0003
 3.60697301188395E-0003
 1.01819047836216E-0002
 1.37285713847461E-0002
 6.57231008078440E-0003
 6.06507049746341E-0003
 1.52813226915782E-0002
 1.75647881096381E-0002
 1.26102459144022E-0002
 8.70302994997019E-0003
 1.03659330183632E-0002
 8.98832121022508E-0003
 7.69582710708505E-0003
 9.27927489229319E-0003
 2.08633969554910E-0002
 1.91237339042232E-0002
 2.37343793374833E-0003
 2.58821656592545E-0003
 1.09976912333423E-0002
 1.97272550836090E-0002
 2.27328873939143E-0002
 2.40096403648806E-0002
 1.34939491302077E-0002
 1.07179692146815E-0002
 1.53593877219471E-0003
 1.09568555797495E-0002
 6.11791577127718E-0003
 1.93875171558133E-0003
 1.73738868279294E-0003
 4.39559955547253E-0003
 1.91089755259100E-0003
 1.11237058070657E-0002
 8.63920585932476E-0003
 4.08369631851713E-0003
 4.63216533575519E-0002
-4.44814093546029E-0002
 2.93916088455433E-0002
 4.48877862580730E-0002
 3.39017104474806E-0002
 8.33794996088955E-0002
 1.50935478466607E-0003
 3.66095406411304E-0003
-4.26685695999822E-0002
 2.93165424461392E-0002
 9.75698891611501E-0002
 2.90387362136357E-0002
-6.99999279059966E-0002
-4.97086298765907E-0002
 2.09458538562615E-0002
 1.10912916219092E-0002
-1.08680558779724E-0001
-1.02790578444228E-0001
 4.78487590646068E-0002
 3.94043485322300E-0002
-3.09633684754260E-0002
-5.03397020900138E-0002
 1.77587248544171E-0002
 6.63949403744368E-0003
 1.01825038139395E-0001
-1.19416120972346E-0001
-2.37781699898676E-0002
 9.28136491413056E-0003
 3.28222599504784E-0002
-4.99316980889830E-0003
 2.06913545593181E-0002
 1.04457312629869E-0003
-6.46866338297514E-0002
-4.09014239974113E-0002
 9.27255700302112E-0002
 6.26546240315520E-0002
-2.16672549032353E-0002
-8.18527395040292E-0003
 2.75017745568391E-0002
 4.48648375197536E-0003
 6.32690072282003E-0002
 5.65214550665587E-0002
 5.02752417623924E-0002
-2.41103404757439E-0002
 1.54401136244253E-0003
 7.28026788503939E-0002
 1.93589811278514E-0002
 3.12871170973139E-0003
 3.84586753298777E-0002
 8.76195373942323E-0003
 3.75536003437560E-0002
 4.43513102997031E-0002
 8.40988873355855E-0002
 6.81680738985051E-0002
 2.28333110443657E-0002
 4.91107844360528E-0003
 6.71274375086739E-0003
 7.21186402599017E-0003
 5.30775034737729E-0003
 9.32960284434614E-0003
 7.16513176605815E-0003
 6.61515986568162E-0004
 6.63507711979605E-0003
 8.22733599022740E-0003
-9.16895875651562E-0002
 3.79999524315053E-0002
 1.37847520043977E-0002
-1.32320227392029E-0002
-6.48154108636163E-0002
-8.34924424400469E-0002
 1.35488805539019E-0003
 7.06910644919390E-0003
 3.40120525652310E-0002
 1.76011555469699E-0002
-4.96983514536851E-0002
 2.21205691795490E-0002
-1.11151152115809E-0002
 2.42726707467682E-0002
 4.98481557515902E-0002
 2.86683801749987E-0003
-4.83059390761014E-0002
-7.45146965613230E-0002
-1.07176090439935E-0002
 2.46290969694485E-0002
 5.59948629285145E-0003
 3.38398976373924E-0002
 4.86798089970648E-0002
 6.67797822735139E-0003
-5.03228336846178E-0002
-5.36152841953594E-0002
 7.67387565671243E-0002
 4.59451281623728E-0002
-6.29799973344234E-0002
-2.66792327066767E-0003
 4.65252885562677E-0002
 1.32352709665540E-0003
-5.03410797953734E-0002
-3.21987606722018E-0002
 1.38200137882478E-0002
-1.57907543150202E-0002
-5.39530340150236E-0002
-9.38320233902346E-0003
 1.43688967827700E-0002
 1.04343806749227E-0002
 3.00617801552505E-0002
 3.30874355808533E-0002
 1.57978959235550E-0002
-1.76220991975526E-0002
-3.32292344716052E-0002
-1.07618962244516E-0003
 5.11181324960148E-0002
 9.83558672092499E-0003
 7.21227815432712E-0002
 8.81775700461276E-0002
 1.29127387830721E-0002
-1.57073846858395E-0002
 4.84050492496522E-0002
 8.24783434906067E-0002
-2.35012051304864E-0002
 5.67387302374556E-0003
 9.13413415736386E-0003
 5.88775432951394E-0003
 8.71778268555090E-0003
 6.75266278970632E-0004
 9.58413131053248E-0003
 4.64838912208165E-0003
 3.02563643794684E-0003
 9.26678093526334E-0003
-2.46954722070711E-0002
-4.18952729555855E-0003
-2.49027547053799E-0002
-9.70141096426858E-0003
-7.70758636738265E-0002
 3.43404453135463E-0002
 4.35769562138688E-0003
 7.07606988007115E-0003
-1.39878864524690E-0003
-2.85160870130312E-0002
-1.19076337936406E-0002
 7.52247323390520E-0002
-7.43458531321721E-0002
-3.05678057798104E-0002
 4.90010755479489E-0002
 2.41848692465396E-0003
 3.62031279144617E-0002
 4.29544900185306E-0002
 1.17977567607454E-0001
 1.06146188691241E-0001
 8.61021781220472E-0003
-3.48049785912963E-0002
 4.16969518511792E-0002
 1.02681778789844E-0002
-2.78268932621586E-0002
 6.64133291257940E-0003
-3.82721074519168E-0002
-6.17377729550412E-0002
-7.49236682013361E-0002
 1.07395915311372E-0001
 4.24497762621172E-0002
 2.27704041459731E-0003
-1.72773902248480E-0002
-3.91261505083662E-0002
 1.44847125101961E-0002
 5.12909993051380E-0002
-1.25443825542675E-0002
 2.24314478396934E-0002
 5.26530680765518E-0002
 3.78278467092485E-0003
-3.17692668875793E-0002
-3.04903874941829E-0002
 3.42941492691011E-0002
 1.47377199941587E-0002
-4.39724600011573E-0002
-1.88675677830474E-0002
 3.99275810227095E-0002
 5.63425194011558E-0003
 4.02562722702555E-0002
 3.83826515715100E-0002
-2.36938235815956E-0002
-1.22170400654227E-0002
 3.49214355726417E-0002
 7.90717085963024E-0002
 1.52946832764655E-0002
 4.29826104239339E-0003
 2.44103585568567E-0003
 9.97045904063132E-0005
 1.81186521488641E-0003
 1.11779284276281E-0002
 1.06246882024124E-0002
 3.89725195892865E-0003
 4.02495394764202E-0003
 1.85960832606469E-0003
 6.65164041975004E-0002
 4.85217768864459E-0002
 4.66419946898782E-0002
 2.38785874783218E-0002
-4.44232966894731E-0003
 3.17999479745481E-0002
 7.34925114685581E-0003
 7.72075773101477E-0003
 5.16094549943205E-0002
 4.69884262299729E-0002
-2.04469087056225E-0002
 8.94378014285735E-0003
 2.41183748973484E-0003
-1.61186212947939E-0002
-1.67821986994454E-0002
 9.06173332876392E-0003
-3.03030145898333E-0002
-4.62289968020286E-0002
 4.67235689874883E-0002
 6.70481829478149E-0002
 3.09915443037880E-0002
-1.01594856887601E-0002
-1.28129346290535E-0002
 8.02336108944424E-0004
-6.60183818648648E-0002
-8.79425844167372E-0002
-3.26538355415806E-0003
-2.17426620500660E-0003
 2.44428684779763E-0003
 4.10630866188058E-0002
-7.63300268565104E-0003
 4.41707419022208E-0003
-1.22696898462891E-0001
-2.11782442517006E-0001
-6.99279064150460E-0002
 1.45315528039163E-0002
 7.40402448966506E-0002
 5.92146828431623E-0002
-2.74732217735902E-0002
 8.21243175776942E-0003
-3.33498456859047E-0002
-4.24297150204893E-0002
 3.63333636501579E-0002
 8.37453418323548E-0002
-8.20217153949443E-0003
-5.85274280406338E-0002
-1.40872099399587E-0002
 9.47152798619300E-0003
-4.76324604556453E-0002
 1.67298215878589E-0002
 4.57089476931287E-0002
 2.15958384017370E-0002
-3.42482081797471E-0002
-9.30943129603747E-0002
-1.46153668877105E-0002
 8.49698903039098E-0003
 7.74271213292366E-0003
 8.04905635776265E-0003
 1.05948086064132E-0002
 9.46743383983062E-0003
 1.58735242766461E-0003
 2.14050200066751E-0003
 8.85702841758018E-0003
 7.12066883576945E-0004
-3.64265407545190E-0001
-3.56452385939519E-0001
-3.64129337466693E-0001
-3.67719728067641E-0001
-2.73369108943825E-0001
-2.41539770876216E-0001
-2.29199589333120E-0001
-2.42363641852080E-0001
-3.56008716577890E-0001
-3.58334493003895E-0001
-3.58616354654259E-0001
-3.72878450692497E-0001
-2.77263991771633E-0001
-2.47307961965589E-0001
-2.26257173422255E-0001
-2.48673733433861E-0001
 3.62410196098153E-0001
 3.54088861534819E-0001
 3.65033342379775E-0001
 3.69450863873226E-0001
 2.73631991598450E-0001
 2.44097538216465E-0001
 2.28836345747823E-0001
 2.43647858807662E-0001
 3.61244451946732E-0001
 3.59201164073966E-0001
 3.62894847019106E-0001
 3.66260617926855E-0001
 2.76020506197710E-0001
 2.48216562356220E-0001
 2.25020965632666E-0001
 2.42549899960068E-0001
 4.11570920771283E-0001
 4.54578993026189E-0001
 3.88047112207914E-0001
 3.96458650302066E-0001
-2.56777348395917E+0000
-4.10886710539671E-0001
-4.34211163651526E-0001
 9.67063831935455E-0004
-4.11079613828633E-0002
-1.25136777932767E-0001
-1.54786934750064E-0001
 2.09946782769066E-0002
 1.77985069020724E+0000
-2.53400883037830E+0000
-3.09749847832791E-0001
 4.08445768453021E-0001
-4.14002153169804E-0001
-2.80763844239573E-0001
-2.21249097622604E-0001
-2.42416918151093E-0001
 2.05826549296398E+0000
 5.42838685810239E-0001
-2.66740320202371E+0000
 9.52007615254615E-0002
-4.15611470861677E-0001
-3.97415230281695E-0001
-5.33234766279747E-0001
-4.32756600425819E-0001
-3.18534980687218E-0001
 5.98078824717049E-0001
 4.94601174827494E-0001
 2.56022846495034E+0000
