 9.86332089686357E-0002
-1.14009091377767E-0002
 2.50489723817964E-0002
 5.22537236710150E-0002
 2.15859663304911E-0002
 9.57513205535179E-0002
 4.56109935982774E-0004
 3.16980276570789E-0003
-1.32827629039696E-0002
 3.57377841158950E-0002
 5.81803540845840E-0002
 4.79312418169116E-0002
-3.13041417204545E-0002
-4.34260240471076E-0002
-9.12257084105761E-0003
 5.15755767714410E-0003
-3.04310192701394E-0002
-1.03810705846143E-0002
 9.20656470854055E-0002
 7.79366739525358E-0002
 9.30753059894585E-0003
-4.74929508825426E-0002
-8.97420948062688E-0003
 3.66033996674897E-0005
 2.40805040733676E-0002
-6.16996007869943E-0002
-4.40393852933880E-0002
-2.22019533117077E-0002
 2.41840394965323E-0002
 2.76761976073772E-0002
-1.43141701424696E-0002
 1.10119932770658E-0002
-2.75900756829230E-0002
-4.75194479811307E-0002
 6.10252736304346E-0002
 7.29473325832259E-0002
 4.07944559410112E-0003
-6.44313821501186E-0003
-5.86610420379996E-0005
 5.07763785236648E-0003
-3.69710841357218E-0003
-4.88183048193491E-0003
 5.18981732131465E-0002
 3.57862765118284E-0002
-2.63493153445182E-0003
 1.65706539988832E-0002
-1.39327164053924E-0002
 6.98042124655984E-0003
 1.71932074306937E-0002
-1.69007701987880E-0002
 3.28588540469354E-0002
 4.74783844566105E-0002
 3.22189089844755E-0002
 1.40410241218518E-0002
 2.28047608513577E-0002
 1.02542601473488E-0002
 8.81073274388022E-0004
 3.91829235144314E-0003
 3.52965213693324E-0003
 6.02519958479064E-0003
 3.98780477725325E-0003
 9.51021397486329E-0003
 1.11945125829038E-0002
 6.40875855042111E-0003
-3.99175510470400E-0002
-1.23820235629779E-0002
 2.29479802568164E-0002
 3.53037964434222E-0003
 1.38477892128748E-0002
-3.68194912416584E-0002
 1.34341247128589E-0003
 2.39398167730087E-0003
-1.65561731636785E-0002
 2.14603573454895E-0002
 2.75583232062786E-0002
-2.47586746714887E-0002
-2.08784330608864E-0002
-7.16907411904444E-0004
 3.52532692464820E-0002
 7.66945664320673E-0003
-1.19738697026946E-0001
-1.38963895729830E-0001
-6.41766698876154E-0002
-4.59864752439785E-0002
-3.89086426891936E-0002
-5.18613317043304E-0003
 2.85115787028190E-0002
 7.34925114685581E-0003
 6.24592736517684E-0002
-9.95436200017821E-0002
 4.20850836275690E-0002
 5.91977597392770E-0002
 1.57030897013044E-0002
-5.02315051200526E-0002
 3.12299529614393E-0002
 7.72075773101477E-0003
-7.39722844580228E-0002
-3.66461363785788E-0002
 3.03538650530584E-0002
-8.11138492376529E-0003
-3.79660071189392E-0002
-1.52327566126615E-0002
 1.07182152973166E-0002
 1.00680993545552E-0002
 7.53760356151361E-0002
 7.84153333210043E-0002
 1.06893122091947E-0002
-4.29835726870351E-0002
 1.18032587973271E-0004
 5.73375998174015E-0002
 2.66796137468930E-0002
 1.06006916874009E-0002
 3.69220425474168E-0002
 2.92221338604577E-0002
 1.83091252564509E-0002
 7.97519034207994E-0003
 4.30264443132842E-0002
 3.45525431730493E-0002
-1.75081329543332E-0002
 3.62461800634861E-0003
 7.15917324793480E-0003
 1.64027776297004E-0003
 6.23071999446267E-0003
 6.72177909193294E-0003
 5.96654359669913E-0003
 1.12359377429954E-0002
 7.55548560887576E-0003
 3.55554548395531E-0003
-1.33637986131276E-0002
-5.77245504052257E-0002
-3.63347644826035E-0002
-3.32632394400889E-0002
-1.42118431922142E-0002
-1.09374832848914E-0002
 1.22406354613602E-0003
 2.29066171359094E-0003
-5.59305431814323E-0002
-3.45227184182022E-0002
 2.96211124449997E-0002
-1.09174407512569E-0002
-2.70716967868907E-0002
-4.18528548473773E-0002
-7.48903735010131E-0004
 2.15057232887972E-0003
 3.87294167611003E-0002
 4.40584725173494E-0002
-1.15147543933318E-0002
-2.76486300973318E-0002
-4.26998762472408E-0002
-3.42747563497028E-0002
 3.25006091326330E-0003
 1.60817069974684E-0003
 4.00613888497787E-0002
 5.03725295101844E-0002
-1.42374659547073E-0002
-3.45245985029123E-0002
-3.41464539765823E-0003
-3.92772939463839E-0002
-5.29328851258271E-0003
 9.06173332876392E-0003
 8.42302782764364E-0002
 1.13898344112954E-0001
 8.12200780679007E-0003
-2.86798747429771E-0002
-1.80691321658060E-0002
-3.26224948669278E-0002
 1.10371204428503E-0002
 7.32874012751239E-0003
 3.19798266760358E-0002
 2.70017752928027E-0002
-3.54222925161025E-0002
-5.94849508031530E-0002
 3.55027394034479E-0003
 3.86503276258736E-0002
-7.82060660386108E-0004
 1.03206635306350E-0002
 1.05775097343326E-0002
-2.85984498253811E-0002
-4.11935706259783E-0002
-3.08762487985064E-0002
 1.14145481318531E-0002
 1.55377869974984E-0002
 1.82861701215415E-0002
 4.42690681666136E-0004
 3.47092235984192E-0003
 8.84967107912082E-0004
 4.14369985712426E-0003
 2.17908998595640E-0004
 8.51314411278281E-0003
 8.87488223759192E-0003
 8.17603626278185E-0003
 1.84939902673520E-0003
-1.18982965454393E-0001
 4.88522592729055E-0002
-3.18028666901569E-0002
-5.44310140180073E-0002
-1.17843874340451E-0001
-9.77954700240389E-0002
 5.69409546390176E-0003
 8.36809427906360E-0003
 4.71015113016051E-0002
-3.93298377709357E-0002
-9.06376506692368E-0002
 4.64246923007750E-0002
-1.20285812023440E-0002
 3.23257405365780E-0002
 4.39511041496985E-0002
 8.10970793467902E-0003
 6.28089058606065E-0002
 4.35593251172008E-0002
 4.13525189066490E-0002
 6.62511580076171E-0002
 2.27643207947210E-0002
 2.91682653896430E-0002
 4.48831179122067E-0002
 5.57743476996819E-0003
-1.16233672881208E-0001
 4.34850570379695E-0002
 5.08479666520429E-0002
-3.19050806261885E-0002
-1.15303691243639E-0001
 8.57399111048380E-0002
 5.14935831375851E-0002
 8.02336108944424E-0004
-1.81150102006882E-0002
-6.67211209072320E-0002
-8.26740363552290E-0002
-4.08059153873523E-0002
 1.36760870470169E-0002
 5.07274988430595E-0002
 2.69764734572675E-0002
 7.49654518545029E-0004
-3.29072732766349E-0002
-3.01722117216059E-0002
-1.98185994624396E-0002
-2.61297048971443E-0003
-3.26735912226468E-0002
-5.74587244568647E-0002
 5.22887627598152E-0002
 9.49971956002571E-0003
 1.55797758555707E-0002
 8.61655965007913E-0002
-3.56198011810420E-0002
-5.47030155763082E-0002
 1.04589257989289E-0002
 4.73898063121965E-0002
-1.37074284590568E-0002
 3.39527884916890E-0003
 6.58417843659009E-0003
 1.72840196409041E-0003
 6.61571305035835E-0003
 7.42273997996534E-0003
 4.73693125159258E-0003
 7.74945492929646E-0003
 9.75084455495789E-0003
 2.33064289989571E-0003
-2.12894777947076E+0000
-2.56098275238037E+0000
-2.16883849242367E+0000
-2.41991429596965E+0000
-2.12523953928758E+0000
-2.55995351481397E+0000
-2.17261573893484E+0000
-2.42076632214957E+0000
 2.12983154266840E+0000
 2.55695010511045E+0000
 2.17450803361862E+0000
 2.41859021685013E+0000
 2.12634196800718E+0000
 2.55865260436622E+0000
 2.17303275087761E+0000
 2.42090582480887E+0000
-1.94292317257168E+0000
-1.01633724695967E+0000
 1.14949112531212E+0000
 4.89446092879371E+0000
 2.72422090542022E+0000
-3.95839231444552E+0000
 2.04094486387476E+0000
-4.37017287519120E+0000
-6.07880510582618E-0001
 2.47951490464402E+0000
-3.51307014324448E-0001
-4.99590451318363E+0000
 1.05932268322613E+0000
-5.29270540793732E-0001
-6.87475844987057E+0000
 4.68418261445186E+0000
